93.34
93.34
93.34
93.34
93.34
93.34
93.34
93.34
93.34
93.34
93.34
93.34
93.34
93.34
93.34
93.34
93.34
93.34
93.34
93.34
93.34
93.34
93.34
93.34
93.34
93.34
93.34
93.34
93.34
93.34
93.34
93.34
93.34
93.34
93.34
93.34
93.34
93.34
93.34
93.34
93.34
93.34
93.34
93.34
93.34
93.34
93.34
93.34
93.34
93.34
93.34
93.34
93.34
93.34
93.34
93.34
93.34
93.34
93.34
93.34
93.34
93.34
93.34
93.34
93.34
93.34
93.34
93.34
93.34
93.34
93.34
93.34
93.34
93.34
93.34
93.34
93.34
93.34
93.34
93.34
93.34
93.34
93.34
93.34
93.34
93.34
93.34
93.34
93.34
93.34
93.34
93.34
93.34
93.34
93.34
93.34
93.34
93.34
93.34
93.34
93.34
93.34
93.34
93.34
93.34
93.34
93.34
93.25
93.25
93.17
93.17
93.08
92.99
92.99
92.90
92.81
92.73
92.73
92.64
92.55
92.46
92.37
92.29
92.20
92.20
92.11
92.02
92.02
91.94
91.85
91.85
91.76
91.76
91.67
91.67
91.58
91.58
91.50
91.50
91.50
91.41
91.41
91.41
91.41
91.41
91.41
91.41
91.41
91.41
91.41
91.41
91.41
91.50
91.50
91.58
91.67
91.67
91.76
91.76
91.76
91.85
91.85
91.85
91.85
91.94
91.94
91.94
91.94
91.94
91.94
91.94
91.94
91.94
91.94
91.94
91.94
91.94
91.94
91.94
91.94
91.94
91.94
91.94
91.94
91.94
91.94
91.94
91.94
91.94
91.94
91.94
91.94
91.94
91.94
91.94
91.94
91.94
91.94
91.94
91.94
91.94
91.94
91.94
91.94
91.94
91.94
91.94
91.85
91.85
91.76
91.67
91.58
91.50
91.50
91.41
91.32
91.23
91.14
91.06
90.97
90.88
90.79
90.71
90.62
90.53
90.44
90.35
90.27
90.18
90.09
90.00
89.91
89.83
89.74
89.56
89.56
89.39
89.30
89.21
89.12
89.04
88.95
88.86
88.77
88.68
88.60
88.51
88.42
88.33
88.24
88.16
88.07
87.98
87.89
87.80
87.72
87.63
87.63
87.54
87.45
87.45
87.37
87.37
87.28
87.28
87.28
87.28
87.28
87.28
87.28
87.28
87.28
87.37
87.37
87.45
87.45
87.54
87.63
87.63
87.72
87.72
87.80
87.80
87.89
87.89
87.89
87.89
87.98
87.98
87.98
87.98
88.07
88.07
88.07
88.07
88.07
88.07
88.07
88.07
88.07
88.07
88.07
88.07
88.07
88.07
88.07
87.98
87.98
87.89
87.80
87.72
87.63
87.63
87.54
87.45
87.37
87.28
87.19
87.10
87.01
86.93
86.75
86.66
86.57
86.49
86.40
86.31
86.22
86.05
85.96
85.87
85.78
85.70
85.61
85.52
85.34
85.26
85.17
85.08
84.99
84.90
84.82
84.64
84.55
84.46
84.38
84.29
84.20
84.03
83.94
83.85
83.76
83.67
83.59
83.50
83.32
83.23
83.15
83.06
82.97
82.79
82.71
82.62
82.53
82.44
82.36
82.27
82.18
82.09
82.00
81.92
81.83
81.74
81.65
81.56
81.48
81.48
81.39
81.30
81.30
81.30
81.21
81.21
81.21
81.21
81.21
81.21
81.21
81.21
81.30
81.30
81.39
81.39
81.48
81.48
81.56
81.65
81.65
81.74
81.74
81.83
81.83
81.83
81.92
81.92
81.92
81.92
81.92
81.92
81.92
81.83
81.74
81.65
81.65
81.56
81.48
81.39
81.30
81.30
81.21
81.13
81.04
80.95
80.86
80.77
80.69
80.60
80.51
80.33
80.25
80.16
80.07
79.98
79.89
79.81
79.72
79.63
79.54
79.46
79.37
79.28
79.10
79.02
78.93
78.84
78.75
78.66
78.58
78.49
78.40
78.31
78.22
78.14
78.05
77.96
77.87
77.79
77.79
77.70
77.61
77.52
77.52
77.43
77.35
77.35
77.26
77.26
77.26
77.26
77.26
77.26
77.26
77.26
77.26
77.26
77.26
77.26
77.35
77.43
77.43
77.52
77.61
77.61
77.70
77.79
77.79
77.79
77.87
77.87
77.96
77.96
77.96
77.96
78.05
78.05
78.05
78.05
78.05
78.05
78.05
78.05
78.05
78.05
78.05
78.05
78.05
78.05
78.05
77.96
77.96
77.87
77.79
77.70
77.61
77.61
77.52
77.43
77.35
77.26
77.17
77.08
76.99
76.91
76.82
76.73
76.73
76.64
76.55
76.47
76.38
76.29
76.29
76.20
76.12
76.12
76.03
76.03
76.03
76.03
75.94
75.94
75.94
75.94
75.94
75.94
75.94
75.94
75.94
75.94
75.94
75.94
75.94
75.94
75.94
75.94
75.94
75.94
75.94
75.94
75.94
75.94
75.94
75.94
75.94
75.94
75.94
75.94
75.94
75.94
75.94
75.94
75.94
75.94
75.94
75.94
75.94
75.94
75.94
75.94
75.94
75.94
75.94
75.94
75.94
75.94
75.94
75.94
75.94
75.94
75.94
75.94
75.94
75.94
75.94
75.94
75.94
75.94
75.94
75.94
75.94
75.94
75.94
75.94
75.94
75.94
75.94
75.94
76.03
76.03
76.03
76.12
76.20
76.20
76.29
76.38
76.47
76.47
76.55
76.64
76.73
76.82
76.82
76.91
76.99
77.08
77.08
77.17
77.26
77.35
77.43
77.52
77.52
77.61
77.70
77.70
77.79
77.87
77.87
77.96
77.96
77.96
78.05
78.05
78.05
78.14
78.14
78.14
78.14
78.14
78.14
78.14
78.14
78.14
78.14
78.14
78.14
78.14
78.14
78.14
78.14
78.14
78.14
78.14
78.14
78.14
78.14
78.14
78.14
78.14
78.14
78.14
78.14
78.14
78.14
78.14
78.14
78.14
78.14
78.14
78.14
78.14
78.14
78.14
78.14
78.14
78.14
78.14
78.14
78.14
78.14
78.14
78.14
78.14
78.14
78.14
78.14
78.14
78.14
78.14
78.14
78.14
78.14
78.14
78.14
78.22
78.22
78.31
78.31
78.31
78.40
78.40
78.49
78.49
78.58
78.58
78.66
78.75
78.75
78.84
78.84
78.93
79.02
79.02
79.10
79.19
79.28
79.28
79.37
79.46
79.54
79.54
79.63
79.72
79.81
79.89
79.89
79.98
80.07
80.16
80.16
80.25
80.33
80.42
80.51
80.51
80.60
80.69
80.77
80.77
80.86
80.95
81.04
81.13
81.13
81.21
81.30
81.39
81.39
81.48
81.56
81.65
81.65
81.74
81.83
81.83
81.92
81.92
82.00
82.00
82.09
82.09
82.18
82.18
82.18
82.18
82.27
82.27
82.27
82.27
82.27
82.27
82.27
82.27
82.27
82.27
82.27
82.27
82.27
82.27
82.27
82.27
82.27
82.27
82.27
82.27
82.27
82.27
82.36
82.36
82.36
82.36
82.36
82.36
82.36
82.36
82.36
82.44
82.44
82.44
82.53
82.53
82.62
82.71
82.71
82.79
82.79
82.88
82.97
82.97
83.06
83.15
83.23
83.23
83.32
83.41
83.50
83.50
83.59
83.67
83.76
83.76
83.85
83.94
84.03
84.11
84.20
84.20
84.29
84.38
84.46
84.55
84.64
84.64
84.73
84.82
84.90
84.99
84.99
85.08
85.17
85.26
85.34
85.43
85.43
85.52
85.61
85.70
85.78
85.78
85.87
85.96
86.05
86.13
86.22
86.22
86.31
86.40
86.49
86.57
86.57
86.66
86.75
86.84
86.93
86.93
87.01
87.10
87.19
87.28
87.28
87.37
87.45
87.54
87.63
87.63
87.72
87.80
87.80
87.89
87.98
87.98
88.07
88.07
88.16
88.16
88.16
88.24
88.24
88.24
88.33
88.33
88.33
88.33
88.42
88.42
88.51
88.51
88.51
88.60
88.68
88.68
88.77
88.77
88.86
88.95
88.95
89.04
89.12
89.21
89.21
89.30
89.39
89.47
89.56
89.65
89.65
89.74
89.83
89.91
90.00
90.09
90.18
90.27
90.35
90.35
90.44
90.53
90.62
90.71
90.79
90.88
90.88
90.97
91.06
91.14
91.23
91.32
91.41
91.41
91.50
91.58
91.67
91.67
91.76
91.85
91.85
91.94
92.02
92.02
92.02
92.11
92.11
92.20
92.20
92.20
92.29
92.29
92.29
92.29
92.29
92.37
92.37
92.37
92.37
92.37
92.37
92.37
92.37
92.37
92.37
92.37
92.37
92.37
92.37
92.37
92.37
92.37
92.37
92.37
92.37
92.37
92.37
92.37
92.37
92.37
92.37
92.37
92.37
92.37
92.37
92.37
92.37
92.37
92.37
92.37
92.46
92.46
92.46
92.55
92.55
92.64
92.64
92.73
92.73
92.81
92.90
92.90
92.99
93.08
93.08
93.17
93.17
93.17
93.25
93.25
93.25
93.25
93.25
93.25
93.25
93.25
93.25
93.25
93.25
93.25
93.25
93.25
93.25
93.25
93.25
93.25
93.25
93.25
93.25
93.25
93.25
93.25
93.25
93.25
93.25
93.25
93.25
93.25
93.25
93.25
93.25
93.25
93.25
93.25
93.25
93.25
93.25
93.25
93.25
93.25
93.25
93.25
93.25
93.25
93.25
93.25
93.25
93.25
93.25
93.25
93.25
93.25
93.25
93.25
93.25
93.25
93.25
93.25
93.25
93.25
93.25
93.25
93.25
93.25
93.25
93.25
93.25
93.25
93.25
93.25
93.25
93.25
93.25
93.25
93.25
93.25
93.25
93.25
93.25
93.25
93.25
93.25
93.25
93.17
93.17
93.08
93.08
92.99
92.90
92.81
92.81
92.73
92.64
92.55
92.46
92.46
92.37
92.29
92.20
92.11
92.11
92.02
91.94
91.94
91.85
91.76
91.76
91.67
91.67
91.58
91.58
91.50
91.50
91.50
91.41
91.41
91.41
91.41
91.41
91.41
91.41
91.41
91.41
91.50
91.50
91.58
91.58
91.67
91.67
91.76
91.76
91.76
91.85
91.85
91.85
91.85
91.94
91.94
91.94
91.94
91.94
91.94
91.94
91.94
91.94
91.94
91.94
91.94
91.94
91.94
91.94
91.94
91.94
91.94
91.94
91.94
91.94
91.94
91.94
91.94
91.94
91.94
91.94
91.94
91.94
91.94
91.94
91.94
91.94
91.94
91.94
91.94
91.94
91.94
91.94
91.94
91.94
91.94
91.94
91.94
91.94
91.94
91.85
91.76
91.76
91.67
91.58
91.50
91.41
91.32
91.32
91.23
91.14
91.06
90.97
90.88
90.79
90.71
90.62
90.44
90.35
90.27
90.18
90.09
90.00
89.91
89.83
89.65
89.56
89.47
89.39
89.30
89.21
89.12
89.04
88.95
88.77
88.68
88.60
88.51
88.42
88.33
88.24
88.16
88.07
87.98
87.89
87.80
87.72
87.63
87.54
87.54
87.45
87.37
87.37
87.28
87.19
87.19
87.19
87.19
87.19
87.19
87.19
87.19
87.19
87.19
87.19
87.19
87.28
87.28
87.37
87.45
87.45
87.54
87.63
87.63
87.72
87.80
87.80
87.89
87.89
87.89
87.98
87.98
88.07
88.07
88.07
88.07
88.16
88.16
88.16
88.16
88.16
88.16
88.16
88.16
88.16
88.16
88.16
88.16
88.16
88.16
88.07
87.98
87.98
87.89
87.80
87.72
87.63
87.54
87.45
87.37
87.28
87.19
87.10
86.93
86.84
86.75
86.66
86.57
86.49
86.40
86.22
86.13
86.05
85.96
85.87
85.70
85.61
85.52
85.43
85.34
85.26
85.08
84.99
84.90
84.82
84.73
84.55
84.46
84.38
84.29
84.20
84.03
83.94
83.85
83.76
83.67
83.59
83.50
83.32
83.23
83.15
83.06
82.97
82.88
82.79
82.71
82.53
82.44
82.36
82.27
82.18
82.09
82.00
81.92
81.83
81.74
81.65
81.65
81.56
81.48
81.39
81.39
81.30
81.30
81.21
81.21
81.21
81.21
81.21
81.21
81.21
81.21
81.30
81.30
81.39
81.39
81.48
81.56
81.56
81.65
81.74
81.74
81.83
81.83
81.92
81.92
81.92
81.92
81.92
81.92
81.92
81.92
81.92
81.83
81.74
81.74
81.65
81.56
81.48
81.39
81.39
81.30
81.21
81.13
81.04
80.95
80.77
80.69
80.60
80.51
80.42
80.33
80.25
80.16
80.07
79.98
79.81
79.72
79.63
79.54
79.46
79.37
79.19
79.10
79.02
78.93
78.84
78.75
78.66
78.58
78.49
78.40
78.22
78.14
78.05
77.96
77.87
77.87
77.79
77.70
77.61
77.52
77.43
77.43
77.35
77.35
77.26
77.26
77.26
77.26
77.26
77.26
77.26
77.26
77.26
77.26
77.35
77.43
77.43
77.52
77.61
77.61
77.70
77.70
77.79
77.79
77.87
77.87
77.87
77.96
77.96
77.96
77.96
78.05
78.05
78.05
78.05
78.05
78.05
78.05
78.05
78.05
78.05