93.34
93.34
93.34
93.34
93.34
93.25
93.25
93.17
93.08
92.99
92.90
92.81
92.73
92.64
92.55
92.46
92.29
92.20
92.11
92.02
91.85
91.76
91.67
91.58
91.41
91.32
91.23
91.14
90.97
90.88
90.79
90.71
90.53
90.44
90.35
90.27
90.09
90.00
89.83
89.74
89.65
89.47
89.39
89.30
89.21
89.04
88.95
88.86
88.77
88.60
88.51
88.42
88.33
88.16
88.07
87.98
87.89
87.72
87.63
87.54
87.45
87.37
87.19
87.10
87.01
86.93
86.75
86.66
86.57
86.49
86.40
86.22
86.13
86.05
85.96
85.87
85.70
85.61
85.52
85.43
85.34
85.17
85.08
84.99
84.90
84.82
84.73
84.55
84.46
84.38
84.29
84.20
84.11
84.03
83.94
83.85
83.76
83.67
83.59
83.50
83.41
83.41
83.32
83.32
83.23
83.23
83.23
83.23
83.23
83.23
83.23
83.23
83.32
83.32
83.41
83.50
83.50
83.59
83.59
83.67
83.76
83.76
83.85
83.85
83.94
83.94
83.94
84.03
84.03
84.03
84.03
84.11
84.11
84.11
84.11
84.11
84.11
84.11
84.11
84.11
84.11
84.11
84.11
84.11
84.11
84.11
84.11
84.11
84.11
84.11
84.11
84.11
84.11
84.11
84.11
84.11
84.11
84.11
84.11
84.11
84.11
84.11
84.11
84.11
84.11
84.11
84.11
84.11
84.11
84.11
84.11
84.11
84.11
84.11
84.11
84.11
84.11
84.11
84.11
84.11
84.11
84.11
84.11
84.11
84.11
84.11
84.11
84.11
84.11
84.11
84.11
84.11
84.11
84.11
84.11
84.11
84.11
84.11
84.11
84.11
84.11
84.11
84.11
84.11
84.11
84.11
84.11
84.11
84.11
84.11
84.11
84.11
84.11
84.11
84.11
84.11
84.11
84.11
84.11
84.11
84.11
84.11
84.11
84.11
84.11
84.11
84.11
84.11
84.11
84.11
84.11
84.11
84.11
84.11
84.11
84.11
84.11
84.11
84.11
84.11
84.11
84.11
84.11
84.11
84.11
84.11
84.11
84.11
84.11
84.11
84.11
84.11
84.11
84.11
84.11
84.11
84.11
84.11
84.11
84.11
84.11
84.11
84.11
84.11
84.11
84.11
84.11
84.11
84.11
84.11
84.11
84.11
84.11
84.11
84.11
84.11
84.11
84.11
84.11
84.11
84.11
84.11
84.11
84.11
84.11
84.11
84.11
84.11
84.11
84.11
84.11
84.11
84.11
84.11
84.11
84.11
84.11
84.11
84.11
84.11
84.11
84.11
84.11
84.11
84.11
84.11
84.11
84.11
84.11
84.11
84.11
84.11
84.11
84.11
84.11
84.11
84.11
84.11
84.11
84.11
84.11
84.11
84.11
84.11
84.11
84.11
84.11
84.11
84.11
84.11
84.11
84.11
84.11
84.11
84.11
84.11
84.11
84.11
84.11
84.11
84.11
84.11
84.11
84.11
84.11
84.11
84.11
84.11
84.11
84.11
84.11
84.11
84.11
84.11
84.11
84.11
84.11
84.11
84.11
84.11
84.11
84.11
84.11
84.11
84.11
84.11
84.11
84.11
84.11
84.11
84.11
84.11
84.11
84.11
84.11
84.11
84.11
84.11
84.11
84.11
84.11
84.11
84.11
84.11
84.11
84.11
84.11
84.11
84.11
84.11
84.11
84.11
84.11
84.11
84.11
84.11
84.11
84.11
84.11
84.11
84.11
84.11
84.11
84.11
84.11
84.11
84.11
84.11
84.11
84.11
84.11
84.11
84.11
84.11
84.11
84.11
84.11
84.11
84.11
84.11
84.11
84.11
84.11
84.11
84.11
84.11
84.11
84.11
84.11
84.11
84.11
84.11
84.11
84.11
84.11
84.11
84.11
84.11
84.11
84.11
84.11
84.11
84.11
84.11
84.11
84.11
84.11
84.11
84.11
84.11
84.11
84.11
84.11
84.11
84.11
84.11
84.11
84.11
84.11
84.11
84.11
84.11
84.11
84.11
84.11
84.11
84.11
84.11
84.11
84.11
84.11
84.11
84.11
84.11
84.11
84.11
84.11
84.11
84.11
84.11
84.11
84.11
84.11
84.11
84.11
84.11
84.11
84.11
84.11
84.11
84.11
84.11
84.11
84.11
84.11
84.11
84.11
84.11
84.11
84.11
84.11
84.11
84.11
84.11
84.11
84.11
84.11
84.11
84.11
84.11
84.11
84.11
84.11
84.11
84.11
84.11
84.11
84.11
84.11
84.11
84.11
84.11
84.11
84.11
84.11
84.11
84.11
84.11
84.11
84.11
84.11
84.11
84.11
84.11
84.11
84.11
84.11
84.11
84.11
84.11
84.11
84.11
84.11
84.11
84.11
84.11
84.11
84.11
84.11
84.11
84.11
84.11
84.11
84.11
84.11
84.11
84.11
84.11
84.11
84.11
84.11
84.11
84.11
84.11
84.11
84.11
84.11
84.11
84.11
84.11
84.11
84.11
84.11
84.11
84.11
84.11
84.11
84.11
84.11
84.11
84.11
84.11
84.11
84.11
84.11
84.11
84.11
84.11
84.11
84.11
84.11
84.11
84.11
84.11
84.11
84.11
84.11
84.11
84.11
84.11
84.11
84.11
84.11
84.11
84.11
84.11
84.11
84.11
84.11
84.11
84.11
84.11
84.11
84.11
84.11
84.11
84.11
84.11
84.11
84.11
84.11
84.11
84.11
84.11
84.11
84.11
84.11
84.11
84.11
84.11
84.11
84.11
84.11
84.11
84.11
84.11
84.11
84.11
84.11
84.11
84.11
84.11
84.11
84.11
84.11
84.11
84.11
84.11
84.11
84.11
84.11
84.11
84.11
84.11
84.11
84.11
84.11
84.11
84.11
84.11
84.11
84.11
84.11
84.11
84.11
84.11
84.11
84.11
84.11
84.11
84.11
84.11
84.11
84.11
84.11
84.11
84.11
84.11
84.11
84.11
84.11
84.11
84.11
84.11
84.11
84.11
84.11
84.11
84.11
84.11
84.11
84.11
84.11
84.11
84.11
84.11
84.11
84.11
84.11
84.11
84.11
84.11
84.11
84.11
84.11
84.11
84.11
84.11
84.11
84.11
84.11
84.11
84.11
84.11
84.11
84.11
84.11
84.11
84.11
84.11
84.11
84.11
84.11
84.11
84.11
84.11
84.11
84.11
84.11
84.11
84.11
84.11
84.11
84.11
84.11
84.11
84.11
84.11
84.11
84.11
84.11
84.11
84.11
84.11
84.11
84.11
84.11
84.11
84.11
84.11
84.11
84.11
84.11
84.11
84.11
84.11
84.11
84.11
84.11
84.11
84.11
84.11
84.11
84.11
84.11
84.11
84.11
84.11
84.11
84.11
84.11
84.11
84.11
84.11
84.11
84.11
84.11
84.11
84.11
84.11
84.11
84.11
84.11
84.11
84.11
84.11
84.11
84.11
84.11
84.11
84.11
84.11
84.11
84.11
84.11
84.11
84.11
84.11
84.11
84.11
84.11
84.11
84.11
84.11
84.11
84.11
84.11
84.11
84.11
84.11
84.11
84.11
84.11
84.11
84.11
84.11
84.11
84.11
84.11
84.11
84.11
84.11
84.11
84.11
84.11
84.11
84.11
84.11
84.11
84.11
84.11
84.11
84.11
84.11
84.11
84.11
84.11
84.11
84.11
84.11
84.11
84.11
84.11
84.11
84.11
84.11
84.11
84.11
84.11
84.11
84.11
84.11
84.11
84.11
84.11
84.11
84.11
84.11
84.11
84.11
84.11
84.11
84.11
84.11
84.11
84.11
84.11
84.11
84.11
84.11
84.11
84.11
84.11
84.11
84.11
84.11
84.11
84.11
84.11
84.11
84.11
84.11
84.11
84.11
84.11
84.11
84.11
84.11
84.11
84.11
84.11
84.11
84.11
84.11
84.11
84.11
84.11
84.11
84.11
84.11
84.11
84.11
84.11
84.11
84.11
84.11
84.11
84.11
84.11
84.11
84.11
84.11
84.11
84.11
84.11
84.11
84.11
84.11
84.11
84.11
84.11
84.11
84.11
84.11
84.11
84.11
84.11
84.11
84.11
84.11
84.11
84.11
84.11
84.11
84.11
84.11
84.11
84.11
84.11
84.11
84.11
84.11
84.11
84.11
84.11
84.11
84.11
84.11
84.11
84.11
84.11
84.11
84.11
84.11
84.11
84.11
84.11
84.11
84.11
84.11
84.11
84.11
84.11
84.11
84.11
84.11
84.11
84.11
84.11
84.11
84.11
84.11
84.11
84.11
84.11
84.11
84.11
84.11
84.11
84.11
84.11
84.11
84.11
84.11
84.11
84.11
84.11
84.11
84.11
84.11
84.11
84.11
84.11
84.11
84.11
84.11
84.11
84.11
84.11
84.11